85265235347
13697495224,13697495224
14400948969
37661602614
0026257107585
8285254852732,18267925482
0085972805573
30667356885
17017428954
008562095744942
18201657161
00855968379004990183
01053593089
15121245943
0018557009094,0018557009094,17386980462,17386980462
00959427669321
85253781625,85254939723
52072463051,37652507040
00959427352675
00855655478587983070
17896124196
18469272737
13316223028,17017429001
85265670957
15827517693
0059700976326
84813899691
0085266126286
37682209854
0026213838301
0036141384420
0085266324924,0085266328921,0085268868590,0085266197248
0085246553365
0088067978076,0026253076544,0026245037217,0050188789426
0085265615845
19985585770,15723597197
18983636502,17828738010
01057641389
0026273300738
870873075421
0067017724286
0060520326480
0023480322290
18673253532,008613304538843
0085266199473
85255829776,85297868943
18232889150
0085265585047
959757434918
13256799730
18659163792
0085363849672
85262580390,2760353-327,959776932579,959792238480,6560839737,85262585657,959776932501,6564995061,6561036809,85225263783
13415221829
00670012376782,006700771638694
00950777168516
0085252709514
36967411599
0023480350957
15355419135
670606037267
0066942740053
0056131555788
0105259882
0026218921180,0026222613895
0026231960378
0056147919527
0046735408685
0023480399123
4006125023
0084812450053
504-2270
0085268849430
13195444075
01052598822
17863299063,13195202246
0036148526078
0038032152925
870682969459
13712251940
19551191662
0026296201421
18881642981,18881642981
87003163206
670365520533,670562070316
0067091090671,0067062265220
0066968150850
0085295617274
18901746424,13914631410
0085284082816
00959756794114,00959756223620,00959777278128
817030622158
15872593116
85253800739
0050112826801,0056194896380,0037631085176
13606335028
15385581080,17398995196
00855335507265784515
0036127548445,0036170805739,0061582595373
15314083069
19529054487
156040936
13718320361
4007070776
0026236471493
0023480338506
16507584111
19123636466
13640132473
17664176578,4000055659
0085298312673,0085293822407,076028328844
0085266148853
13702466934
006583433168413
00959789672091
13696318872
870926338055
0084943612260
0026213930852
0026216783254,0023480398229
0037123224778
17808545695
13249556962,19591426084
0026208117333
16764566869
13719119353
26211072225
01053809150
0026292795077,0023480367489,0044786830366
03102850985
13759452881
15112750746
85257608667
0037646532670,0044783516373,0037664353661
0063160187431
0026233332573,0026233332573
19985423134,18286461220
0067083214861,0015227475929,0085293770558,0067061924843
00855999207074785477
15089448683
0019821878936
16134163981,13069122627
13164500000
18720365644
0014873493122
13716792031
13170340612
0085253847399
057156377104
18680513548
18878962759
0085273539139,0026244092858
18341790917
16255210542
0085246525616
043123484197
16501083500
001982580-0784
18569411230
15885751935,15880762220
17748261667
26231849304
0026279165238,0026210774941
18226967711
16255210561
0085265695904
075561840042
13521849524,18920265192
15116297318
13981466463
01051751694
16518876444
16236464021
15132249489,15132249489
0036174764748
17607961475
13858044046
02160337716
0085266148061
0085261304528
0026258844592
246417179,634954198
16559800719
17074242402
0023480367195
18613178497
15964257391
15683872336
13511090195
0026250702150
006564166755
18648749896,0085266343508,18648749896,0085266343508
85265234053
18754323276
0019821576963,057195533
0026229787208
17722620644
0085267207363
15508910730
870358741339
18641952745
4001529599
0085295670361
13795654227
85253888343
13783272436
02160261009,000013001668426
0066612253400
0026217407042
13362796893
18168120127
26291733252
0026245536660,0044751515976,004670-5794902,0026292575797,00852117207117,0026217398160
26250617933,26276983685,26209598587,26248334914
0096718050600
6289623516593,057187078277,6289623516593
0085295673375
00813317669906
17621153689
0026298766569,00919187852224
13660001437
0085257678643
17309517603,17123258699
15711455095
15306308948
0044794091390
15243801229,13617321463,13617321463
18270371411
15705574286
18803624785
0085230864991
19189958456
13982728976
00959764659460
0018774661597
6583405635427
0571-88227882
00959769373852
01053808788
0085259849616
18984787320
18704238321,16563276808
00959797074890
17695109391,15146966592,15146966382,15161018121
0085215452
85265649879
18778164449
0023480370210,0026278421225
0067031770791
15213867657
59680620284,15608318395
6016430567
15104415594,13135054306
26292069098
85242309409
12345678901
18770457208,50130700407,50141688760,66831678003,50167192373
85257679443,85295615247,85295603415
0068170898766,0018553425373,00823362940384
0085264368417,0085264368417
057187078277
15707179482
057156199437
15104233757
18506123649
0067091344699
0059737021030
0037692504983,59978935962,001860942218,59978935962,0037612858712,001860942218,0037692504983,0037612858712
0018551903710
0024963493093,026230878475,0026268917969,008569920527,0026245227917,00420705420807,0026249687443,0026270908356
17179895481,17107767936
0023480302759
057156366843,057156379338,057156366843,057156379338
01089118888
23480324324,26275220379
0066918366254
50194757352
02981513868,02981511771
0085266048202,0085261067477
19825803152
18085671706
85268876531
00959769154467,00959770072715,00959780149378
18642858462
85295616218
18348071566,01053808795
0018556293638
0026200893646,0026222708152,0059780672251
01052182215
13116756004
19807577114
13011402044
15035808739
38962975526,37177338442
00670901499650
02157426071
0036183830062,0036172114534
13841147170
002626554640
0085267955407
0085247629576
18657157915
01089118888
19559217561
02260708755
18212360848
18730591208
13285278976,17129930141
16685882238
67916687761
13353211960,13353211960
00959680635140
18868817355
0036138649258
13407236916
67028439359
0085261857710
18868870730
0085265589412
46704532343
0082874261378
37632072149
17119891271
13995353132
18347932606
15595418740
85260991204
13712576613
001865874788
17126676630
85267213346
13595362024
16505387420
18518619252
17810230135,15894820641
057157157493
0050113762793,0044786855976
0067028621405
870954006300
0085217806739,0085262668558
15930680096
26256375378
15899672647
0085264570529,0085264806091
85213854053
0060152032319
15890640574
0050188073322
0085243501742
19371125504
85265685989
18714996582
18209222036
0085257650539
15993454878
0026267020606
0063962834308875496
0013293751107
199909480440
13147937390
0068132158979,0067010496320,0050185570001
0085215026586
0050120628386
19184780308
0085264556246,0059770897087,0059782493496
076028306970
0085212092997
01051472460
13207397341
0085283281933
15858752425
0067081990383,00670882754390
0085295602459
0059783542434
17729588952
361894551068
13001167756
15312737652
0085266468006
0082734038630
00959763506780
959454703983
15030829965
0059773802923
59738012566,597857977
0025536231101
15136029651
85253872524
18981431946
13595362024
6011145615575
00959770732871
1069800017163034475
0037611241200
0085241961492
01051472470
13884145073
18026501003,18026501003,18026501003
13722932357
0085296222218
07596524250
60149006039
17757164122,85359685321,18114387559,85265635476
85203624860
00959425191681
0085216318696,0026254985461,002625176315
37065651812,36139355074,36177883423
0571-57157493
008617691191237
13884145703,15032171707
855313835447
00855313845635
16630531955
16257496210
13252449639
15282642951
057157157491
0085257646850
17143426898,15814012643
18257587390,19163798561
17058709954
18319269671,18602857232
17383029177
0085292146732
19522525154
19138672961
4006668800
0026284027358
0085257625226,0085257644539
19185982475
85253801915
16533907008,16571213003
16505384712
18202949940
15323011926
13667902970
19159385505
0026299466734
17173050533
17022216996
0959262884266,0959262884266
18675386760
08565220550
670338138459
13095912628,18668593201
19949981683
0063904652393473864
0026206476692
0085292758048
16554485444
0085298633519
0059750914735,0023480322831,0023480325079
00489593223,15393322793
15202731072
008613174985682
59971832783
0085246001479
60173984419
19894281767
13418507045
008617326052693
18584441124,17627159415
13567189283
13858085944
13023549091
16252068689
18707216243
17375204441
0023480327225,0023480318916,0044748190771
15593615998
14796337203,18379949787
13315693722
0085268814931
13247740563
18664588823
15662872445
13052390710
0059711939883
17797963125
0059785545243
85265587434
50149000294,057187061616
18777153788
37645744935
076989006083
13963593020,0054196317934,045187661411,0054178896378
16264759903
16268203335
00488995239
15810310530
15029003186,18919296615
852903128507
0023401953551,0026228104012,0026213694515
17829603184,19847038304,18104820510
0085292987056
15701629252
18602830032,13515663541
85091775944
26253137514,26253596416,26276043982,26213125783
15817627921
18577166016
13981020263
13707670691
0065395365183
18376752348
0755-61678183
17872904592
18581860553,15187133904
0023480331848
15300512805
85291478225
00959787738578,00959787738263
16524219035
54191008561
19144700632,13319595254,19157226131
0059758674280,0026236086687,0023480381779,0026278581536,0059763722118
00959691323233
13203838631
13260952509
15145481936
26239292491,23480352423
13552616574
17830867812,01086310101
971547214780
17785469024
13211023281
15967128309,13381253406
13510738524
959261513784
84827243767
13049294724
18244969720
17845464149
0063904652352873681
448084232459
0023480342016,0023480327638,0023480351017
00670268350862,00670692479717
057156199206
13138492724
00870806120980
855886053923
13259971614
0085240882626
16253152580
852903239573
15060917759
0023480320150
59707317509,393341213008,37631981092,26236569790,26236569970,69176770264
01053462965
057195188
15817860396,15013707549,15817860396,15013707549
010-51323704
0067049439819
0026209726292
17156350012
17073937281
0085291742654,0085279799465,0067017696657,00441234567677,0085226065250,00447088657575
0036171935564,0036172759431,0059784132807
15045457272
13044391369,00959773798668,13567142511,00959773798243,13567142511,00959773798668,13044391369,00959773801325,00959773801325,00959773798243
19923542720
0085269002481,0085246036628
13360502520,15849456234
17164937333
0026296478513,002624941561,0026236122646,0026291056515,0026273473951,0026210775484,0026272683386
85232601589,85208056804,85280241551
18123503432
00855255111251034830
0037658569675,0037827506700,0059519792341
15013940453,18825300134
959755608691,959755608726
0026220651946
15077304117
0026200125434,0023480370715,0026208998392,0023480315272
15028173559
0068066578702
0026249463921,0026257413368
852980770738
0085212090590,0085227309297
13198690660
36172565271,36178454826
00852888641785
17180142111
85595232495
18362083653
85266123469,85253916297
02066278419
85296538575,85599908583
075561213109,075561139216
17359739925,17086666565,14705014946,15285668585
0063962834333845952
19821308522
0026264916066,00813288912395
16264424481
00852888435084,00959794776098,00959794776378,00852888177756
0044743445369
0023480383928
16505203821
16567780002
0026264444142,0059889713849
0086-18572321091,0086-18982486284,0086-15190696451,0085-243430094
02595177,18043690782
0065395288456,04535874518
19547355330,17864008548
13973836337
852930008020,84827988772,852952650112
0085257600940,0085268175197
18774672423
448086120258
17801567065
16506973000
4006695566
959427037903
13595084369,13595084369
00852968885448
00448082460764
17885035462
13727964850,13727964850
00338001528343,00244098281472
00448081693901
18119959308
13351122012
16688207097,16637469939
008170-00048214
18727112747
0032100002268,0019308396846
18249978984,008526593116423432
85273565685,85221641628
18445695490
17768530029
18464260078
17836922514
0085287913910
0760-28328759
13225416177,17052255843
16727166000,16727166000
0085293928059
00670917739977
076028329014
0085299256516
0085268124714
00338002224492,00338002224492
0085290854192
0085298398746
0036182252566
13658629786
16675283354
0026248036834,0059798834957,0059798834957,0026248036834
00361557220479
85285572567,85285942750
00670149671577
870010794
00821086908774,0059712866105
26270335980,26279943334
17158289501,17002418397
16525758080
0060190480979165
17584706856,17584706856
0067098011591
00670074306189
853630554759773
26264784105
17795123157
19107241048
15702930351
66639325849
0026214178707
15626793915
19170893659,84848063469
0059978034832
17880781885
18081442696,18081442696,15180695138
19137687236
00852969496008
0037673837321,0060117247535,0059751249986,00187785705118
18104527811
17701677475
0085257632695
16732320438
19534278032,18940853572
0023480306114
17670519225
15590157212,15590151121
0086915046082113
26282931687
15034561991
16256734448
85266179179
16687744135
0026225204988,26255285178
959758517059
17016627782
870461079774
17760399680
67537175894
00338005099055
16238125863
18767599644
17740512568
44741623667,44745272451
0015332082537,0015223989194,0015221966992,0018668089084,0085292441825,0018770250618,0015220154043
26295294564,23480317207,23480375993
00791563237662017201
00670361089826
0371-65328261
13135169380
23272515585
17776249910
13425196525
85251904261364480
0026257148070
13221138175
6745386070,67099750085
18591752512
0067014872105
006281229997265886
6287750218002
0026276338827,0026276338827
0067044433160
870169451363
00870879110593
0085268116779
00855323532172913659,00855433379165368739
870087589207
0062877-5039-4646
13164163840
85294227483
15518413871
00448811815718
0059709043035,0037698296055
00852971813187,00852953958521
16250769962
0036175228368
870518890644
0026236531984,0026214840667
16229215843
00959666452124
0085369513451,0085241551547,0085244095597,0085248386456,0085242822879,0085248085582
19169288610
075561646312
0036179130634,0036108612567,0036190373461,0059795152612,0036113964618,0059700749754,0085226086086,0036128024546,0036122904461
18822387013
15257693453
13552144624,16230882777
0085268106020
18874007415,17353378546
02062861025
870700889069
00870340289025
13675562190,13675562190
16792890444
870828139546
18001202973
19557191061
26246403775,23480381367,23480307439,23480327241,23480338682
17360249796
0023480308982
17355498464
15377872930
37861780251
13908549960
0724660945
15365703314
00791676267162011940,00852968992302
23284001603,36190995508
63135288246
19178148293
13326614912
15798755713,17601014845
15052480705
870207250882
870022905902
67053235001
0023217534587
15738041011
16505712712
16210738578
7014086421
13794520249,17817099387
02062201033
17775683237
0026231151641,00187768430456,0059703018520
13601644273,17389179364
13651079073
18877761547
00870999944557,13520287501
17728055691
959454521920
00870124736633
85295693591,02136175588,959665878733
870440938239
0085253896393
18814100668
23205068433
0026209614492,0044758967761
13781917290
15960955391
14825044290,14825044291
0067002823313
18710602902,18700429820,18700429820,18710602902
852574898875866,13174594190
0044741031111
23480396617,59237507611
18242235418
00870069884672
13414747912,13048700427
0085251904495804427
19337729352
13326854569
00870669080142
00488188852
15229466133
0085257667363
16774105205
16521163384,16521163405
0026254709852
0085265671141
18872086341
85362577654
00959757675008,0085266195997
15697745027
0023480342689,0026285077705,0023480336977,0023480302375,0023480347549
99757764120,99757764120
18360986213,15083667119
02062764405,02062764406,02062764408,02062764407,02062764404
008801976197
0026277938356,00813444364976,18969161734,0059731395395,0023480325184
00959683427002
00870566688183,00870566688183
16238125385
16550331071,15273307021
19170164081
18377023971,19858144998
23480387591,8222564862
19527870327
14793735085
00870535616066,00870535616066
17655996703,15515114644
18513972256,19528692265,17520403547,17748544844,16698061657,13826718245,18613085744,17370715744,13541966931
19502010009
14826332649
95290620
959694417882
0044750283342,0026256631319
057195188
85255408500
00855977909293
17569128710
18338187614
13386242562,870155826837
870183954262,870116996013
870783433864
870522127199
19855994657,19960731381
084812588435,084812588435
00870754417287
15013842474
13081491395,17562617097,15684548804,17863074820
17353841850
870103611075
16619845601
18166019636
0085253824852
870516004900
1069178080366799
17762739098
00870756136668
63514270422
18977279375
02066855392
0036184796520
0082568891915
15975067027,15976466131
00870479027402
67003070933
0085221710033
00959799350154
15579353971
13356381714
15098519588,18008279775
0085297180299
16218119172
13845760333
13764464002
95720,057195188
13578662284,17709758092
19899868590
870943330897,870800887092
15892557570
8613539445836
0023299732887,0023200474045
006013422431645420
870291969515
15879937253,13116914752,13135880980
870025671862
0085251749360
13958686287
870900437362
17362673237
18955975449,18199967323
0085295601062
0059747861022
00959783518119
17199669052
0085265568508
85294990187
17722135189
00959673867242
0571-63436587,0571-86958965
0085257654917
13522315125
67058216024,67059252177
17150159379
00852574899011218
0036156784690,00870498465101,13520287501,00870305098857
13879839557
13305288271
870713476978
26265996018,63135541097
13487001954,18487467475
15950121626
85201203522
870134966055
18999920948
26259161362,26259161362
17366362908
17328765629
18136337692,15343561150
13527946940
053188043216
0067076830128
0026215447329,0060182683354,0037656153470
18635909127,15892557570
13143767453
37617799737
00870205507231
870394217102
18376995071
13546957578
85292933209,85295665606
44740121540
6287744848305
15129247613
0037655437201
870405327471,13520287501
15949526712
13568956375,13568879760
15160668732
17102068235
0085257077628
13177275372,13177275372
0085265227741
16741651982
0085263669994
17128941644
0059771068429
19513367296
0067033316093
13554156219
15950121626
19886358549
00856205684907021258
0023480339715,0023480362107
16251672064,16533589245,15334752953,16552375663
17019823911,15055692827
59749279281,59778568643,59756772958,59798501909,59720427645,59783377359,59729158829,59778474607
0085265220803,02759956070
18251032937
15079330264
13580927574,15696280575
00870061395235
001065124398
59772654214,187774717428,18776035318
00870323155383
13199351987
18664899347
19812954653
17312458860
00791676702357004431
0085257648730
0060143266335,0019825803104
17366368733
19175152564
17707413574
870590111103,870590111103
00959883781329,00959883781329
0013104182233
15155478191,02481731413
00870313427684
19125103270
19573390467,15116555562,19573390847
18123501693
0085257673727
37669058936
0044745306007,0026212400251
14716249936
00959691372019
18322484915
0023480379662
0085246522931
4006668800
870660612946
870840388432
16210993503
67071345798
18673868699
0012493899701
870168666429
13319464964
001877020-7161,00187719685457
0085293510200,0085293510200
0023480321271,0059766163033
16523011722
0067047619859
13818008008,0067071138267
001877664-6935,0037676459663
13552173541,2101066279113
13837354852
15371524883
18837835143
0084919656202
10690561930448
85298698867
17807588958
0085252833503
02110108256
13392378961
17119857866
18896003795
00959880053569
0085223778898
0067035890153
17830612002
076028307064
15723593394,67063990825
13468940448
18087736485
1069001439815263
85265702282,0085265639860
15511683150
13868571309
85257662736
0026237661587
15869969539
17182565837
17119361779
15086648424
00870957154360
13052146330
18844940415,17836020465
0036159018565
02961187550
0085325135845
17868629652
23480316312
00959750295080
18310528716
13714261077
0023350900710
13314016779,18373785069
0024135506911,0024120804327
13592460485
00856205852259019343
18085504113
19883554464
870727790872
85246033507
0026259205424
84814547369
19570243458
16523011653
0085223112093
13477663593
0026228346547
13776386767
870956375787
17785469164
19925157074
0036162506191
11222222222
00856206513672026256
02963332602,106903349204509
36135299656,59885306815
18310255293
17308764266
13125320277
870972417289
37057991593
00959672357084,959660774858
13581659440
85265573381
15825650793
0026243306016
15981701939
00187734916509
00959789805575
16554869700
13513710352,15570201714
17741994587
870737041980
0037651641670
18998580285,13725705248
16218239544
0085220781418
18727307074,18727307074
16509902552
44796158881,26246568545,44781091882,26245313183
16753006172
85256366065
0059881107722,0059883959678
000085253871264
00886274844373
18681448339
00959681980618,00959662297963,00959650901635
17019823652
0067038904395
0036194581874
15158105267
00870830152642,00870830152642
17343156851,001877818-6841,001877578-7659
076028306844
001835436794894,001831912-269
13530038654
00870874813688
18773648429,85273648928,18773648538,14781499863,85273648868
84847492849
56077360,0018774877606
00959661185192
17795324731
13371379154
37827261395
14739459787
0059889961373,0094729013228
0018771137235
17767156342
85292968145,85295647690
13698354647
13338253798
17137676130
13479811244
13416154462,15960961456
0088186323068
00855714080678
00959789144196,00959756867919
18788434921
870528244193
008524846955
870900064894
18330909666
00852209055277,0085243494136
075561009698
00870002436233
00959689716382
17121477333
0085280792503
16264493219,16264493218,16264493194
00791586243462027827
870574488012
18128969309
18303875724
10108256
870693314657
13105175437
0063962834330807144
0571-56366121
15549854495,13027838951
15989672483
19835029717
00791669565572029458
0085244394864
0044771448966
18638794474
0067006242649
870726478423,870808961611
0085295669493,0085295687635
00959757225704
13908543480
0026261512771
19536229041
00187709646141
0063962834306246080
18066295846
001623-319-3315
00959779010729
18838226379
0061441033475
00959771901226
870488082782
0085266367958
19972826139
0026229339343,0026218265061,0026273515043
15971898044
23480379408
18451963049,19505710038
00959769656449
0026276747756,002694729807
00855935648814624704
0084925957403
870820857720
36134584633
852480368574,959760908475
959672173223
0067045572431,4006885558
18019444324
0085240470240
00959756940463
19836579223
00856206499867029804,00856206499867029804
18786786912
18983196411,15327059179,18076220142
959261887894
16607604034
0095731408211,870173865107,0062181140977,870144047710
15214406796
15158071472
959661937921
10106256
00870803501248
17231111727
17342519157
00870263835657,00870263835657
16217092448
870922948587
18235974290
15637653477,15359280833
008707795834452
0084847902281
00959798855840
0024126589782
00855725268794463586
13272536016
18341876854
00870131388449
870061778680
13947488458
15123942846
18240360142
15890034934
870503860883
13513710352
001835414044427
0085291648638
0036134040323
361772671654
870798250747
26239785638,26291796626
16254513200
17315001570
16508900203
0085239876814
51501434394
02963332602
075588851333
0085274902950
00856206499893028913
13721678392,16753002756
18789965563
0067063225834,0067009578587
959776122781
18292873426
18183413404
1621718657
0085266368702
18071904391
0085265639885
17850687610
13934068371
15248531721
870003376105
87040600554,00187793619312
0085277480430,0037693840164,0050624456962,0059710233111
15002049110
870798770152
13319595254,19144700632
00959422978291
19139603677,18836062164,19337527901,18836069073
15037587859
18192126091
16574783444
13588821636
17098323336
0063962215411704128
13994975988
0085356935029,00853624152510512
36193386585
18736074534
0059781363728
0026220179731
15053683136
15286723217,17153091444
18713070135
15766826741
18406685585
0063962215421658824
18644971517
26258159063,26269271882,26275678900
19120853637
0026219520085
16538542687
13963689563
15900336348
17336227324
0026285685791,0026240999343,0026279800740,0026208681727
17265872948
00856207906960005994
0024160168479
13333333333
13612876255,13877008554,13977056371,13607703521
959787686083
13877001148,13877047051,17098925245
18348517446
17848335308
17382442501
18559443486
02061907508
00855998565385850138
15844506793,15949577001
13694396652,13302067944,16726572735
0758-2426769
00361076020603
15062805207
13522151247
13390094796
6287750834885
870977970034
18786952986
00959789113728
0085243574922,0085258081377
0085274612209
15119659373
15039831075,19838575975
00870599437353
076028307047
13006849998
17316282908
0085281170428,0085251485134,0085238478890,0085277055202,0085245978223
17068690926
17663252879
0085285761073
0085248544704,0085246699779,0085223476982
16235392567
0085265627174,0085296457519
1202600-9341
16212555107
13273017319
13976717697
13046423723
19862928655,19918149290
18998110110,870322922598
18187688551
18394586692
13977059945
18833902020
031185276133
0085224333952
13877004258
15393413235
00959660662991
19528057492
16773630234
00856206416951017671
006013421783901165
13348038165
0085379281480
0085265267603
15688321521
13877046432
13877047848
075566630936
00959757187899
13717444374
0085267238112
19860740219
17872198152
006013422028370199
16528203217
01066279113
85289406429,85289406429
00670730792132
18222717431
15120668597
15144433243
020-66853165
0085298234819
15228123209,13877049117
13877004393
17361854561
13304411741
00870126604176
041182306140,041182306140
0067055366949,17708842178
26268306825
13481741237
17007984066
17052068766
16260900123
870230691042
85223413801
00959699388347
00959755224350
13019201064,13877004258
18382194905
15886091536
13387112161
10106256
13823406937
15005716836
13607703517,15085240407
15386379841
07582426686
13919952411,17788506519
00959769843497
18779007519
15111639854
13229436002
15686113372,15686113372
18405082401
13771097617,13485016359
18779601423,881639428968
855745369499079186
0044776329665,0044776898429
16711033131
18222324179
19876847014
13055652076
0037623875080
18244780851
19110648655
13735890210
959756566810
14776672840
13877044756
076028307182
15765869619
00870788661346
18639599538
13481742448
17709825632,17709825632
043189913841
13893160926
19923042612,15585102623
0044783180085
82163825242
18142095196
15112105812
01051706507
16218239819
15733735268
0026254891190,0026254891190
0023480392274,0049207762772,0023480343464,0026223866383,0026295215894
15190133657,17389247907
16753002701
18365854430
16521009871
23480380870
0023480301924
85246515890
0085246500176
85328854115
13450262951,0036176862847
0085359445022
13876073841
13877048413
0024187034911
4006683738
0085295563976,008614777785910
13877047051
15192695960
17740614428
639274832161008381
02110100256
0023480374770
17130562510
0098180804802,0012046040034
95416385
16253763359
00959759173470
16254656622,16528550004,16254659991,15751977090,16515873344
17837713318
13540016081
18302376018
18547693873
87625766
85246862646,85222260660,85269337358,85256569572
00959666437367,00959671435349
00639205373527029918
0026231721778,87078277,0026231721778,87078277
01059608552
15157819382,18258211254
14778682044,15712017926
00959758521110
17781717958,17791389772
18152070739
19525206144
15003862303
17781643451
0037001510353
17359652114
0084946442973
18084542054
15826658205
18830275813,17731969741,15361224115,15373213215
0085211882731
16265917529
19176204447,15915169184
0085294205480
18287171245,19984062781,13750619345
85266388921
13468918544
18713125292
15137874684
16776427560,16560787162,16575392852,16269280197,15250044604
18303872374
00855788048126876604
0084817059533
0085265589962,00959784006546
00855904732110252562
870994906806
02062202400
601163011156
057156368799
36187040810
17868586549
14776359072
0085257603481
0037650265731
15890107690
0026203436639,002621113860,0064277289714,002412075307,0044774812149,0016209293914
0026271000833,0044738823088,0062928500934,0023480355806
0959424336177,0959456516850
13111863725
18777280639,18771802226,0026242569026
15886599675
16256878434
0044736250777,0062802070752,0023480364061
17858277204
19913845459
0532-87906980
0062810315182,0026293393579
18500477207
852416468405
07526509496,13564466149
26209129714,26222406837,85258637329,26256803627,959401710206,26246923656,26262639100
00670730441899
86310101,85236228698,51705246,82209807
00959758963156
13029043262
008817506720871
00234800331012,0023480320360,0026204138784
16532423413
13709551332
0062810500546,0062968511055
15886599675
008617705710304
18922737600
0024146549234
0085596683066284
19178800457
15327569947
85265561750
19171386096,15279965559
870759824722
262149576357
18311137631
16218238872
0085268108682
85268896567
00959757080488
19164836508
16256736611
870893315115
13207930072,15870994377
13778462719
18786343286
16218239623
0026243429270
16652763673
02062869368
18246018496
18346147903
18680881798,18883231298
0085214045981,0085231474705,0085230380674,0085221578717,0085219692632
00959776801353
02110106256
02066278449,075566892519
9694211503
021-80378681
18252367051
15730505726,15730505726
17886987217,16224032070
008562096447316
85257668356
15111315249
07586830685
15090009886
00959679610699
00361594159535
0085273597668
16533989165
18008849695
18370877424
26225662744,26252120839,23480353369,26202831015
18174949827
959684926960
13760287335,17098716373
13418673208
13802760996
18487976314
16526752626,19976150651
15889537310,19139971681
0085259798183
18016337783
16274978046
959253554189
19167612684,19176204009,15957737382
18075408129
13835564418,17835879514
17056066476,18339358011,13225397037
16512876399
0085268104159
16551903081
17775242863
19858038651
00870467977185
13272939441
17775242863
17849530596
13176480363
00959755150136,0085275839785
23480341935,23480393746
00853683042437002
075561130883
13608875548
17052044566
19157600582
0085265651012
17818077464,0085268896435
63901121345700143,18906694866
17100024209
85265676330
165057139698
0023480337655
057156195285
00959783808101,00959784001493,00959783806634,00959757832835
13771736383
18262719283
85266159190
18457132490
19119254518
17685331809
0018005940680
16229151408,19970935144
15727951597
959880549248
18935719250,15070915121
16224032076
16211234321
00959769153635
17074241470
44749722140
15064505082
16230683905
0085356031952,0085266170597,0085257643257,66278399
18164816005
18258112057
15019611032,17629316642
1234567890
18611360250,18611360250
17002381955
0026230292169
17307761472,15824138427
18587068258
0085265622320
18239346966
0023480305287,0018777513498
85265690478
18393894641
00669874847167755362
15038418600
057156195285,043181654554,043181654554
13101013854
16218238913
17771379873
85280039136,85280241537
15872568061
17832237523
00670730632794
00959757461867
85265538643,85265670641,85265537947,85265565150,85265540326,85267224865,85265567700
13602478942
16218238461,18126601009
0036188341064
059163664634
15007903860
010-53809004
18110785139
13129518704,15059440656
13619596145
13875007267
0096512463687
17737707750,18980653553
02062998501
16662235372
01051472317,00959782632069,00959782631587,00959757684806,00959782636756
008522697560,0085257643257
008531947781969
19923038115,19923038115
15348875002
18839161493
0085257640795,0085257642517
02066829326,01053579328
19526057641
00959774916539,00959650159692
16250748714
17871617752
15988060524
0085311015078,0085309365686
85265691442,85356778019
16224032053
17857429671
15558226509,13517982675
00665819092725164
16555029250,16555029250
17357843876
17709043217,18876085803,17838282321,18876168560
17062377630
17744596611
009597800
15696226801,1069125250009,10659057666350009
17796532210
07592272976
00959766383457,0018778217400,0085684722225,0026277890154
0731-85210207
00959776819806
17727346664
0024496631057,0091054457778
00959764276783
15267351973
19984785695
0026255073205,0023480352008,0023480390928,0023480399757
19156913476
17878204376
15361061459
15172765183,17762928922
0023571630668
0067093324768,008707626937126
18237449853
959452159390
15712653751
076984583071
959793775546
16670750693
18920798720
19565160904
17762316298
16211683791,17030003752
0085268132753
18198183534
59953841258,23480349789,959786934556,26223101783,23480393917,959793008443,60120093252,959777995662,23480352630,62923051392
15960205975,18209362017
057156192827
18391340977
18128238993
85390682821,85350919955,85338680983
13314449903
00186600740554
0755-61806631
057156192827
13660400079
15719660207
16265917686,13316775712
13776544287
18261369681
959784656749
13715110005
02062201739
0085265622177
13382801558
0085283950095
18245026514
008709837379695
15816147547
15354008338,19531555925
13912337437
18407519627
16692318496,0084943978092
17050532767
852067200640
057156196422
0036137512584
16227942939
16250743494
15343101559
0026228633440
00488278203
19196125796
16227942851
16500133723
16211014003
17787164984
16710243018
17337132074
0023480323834
00959757754822,00959757754678
13643840665
13533040151,17050532763
00959755953542
00959778321142,0037662573205
0085225421418,008533935635,0085291560392
8801842285466
15369083952,84812495652
18173545663
18209386703
0085265648208
15640086075,15124330397
010-21730326
0085248253949,01087625766
15023540540
85266385325
00959795177851
13997979688
17050532762
057156196422
16551076313
16250743483
041184252975
13212458968
00855974650975
18767142583
00361992880771
02160397005
076028306359
16211684220
15727710393
15300200230
15820676454,17328138087
18612763220
17100023348,16762833064
17251874256
008526516204130582
00959793262929
00959768189515
959757686642
00670731206076
0084916516261
17356389019,18956860845,17356389019
63944291646
00670731447776
0085239582191
17767221709,85291044065,19529322540
18774752500
15225493102,13467434670
16618183065
0085246532832
16211014484
19941463093
0851-88340359
85257677445
15136293917
18737676454
18201882906
13400097848
19140812695
0063903949351,02023393023,0085299080923,02010108256
0085597590
0023480319413
85257663375,85266348926
00959790351387
17395052291
15543227965
85293585881,85293585881
17138660685
008617792255091
15998947145,19172260887
0085243958348,0085273729621
16232377255
13194224306
18665638515
18365320535
0574-55007390,15988613886
15812225530
00959696556151
19147403968
15312814080,18027734829,18196708561
00959424524517,00959424524517
008614588715404
00666140897049942566
18969280591
00959796139163
959691369713
0085284598329,0085297279948,0085282868073,0099276888309,0085215460000
8217-248-5836
15305668268
13829309802,16213703444
17091074935,17094074968
0085296735186
19150709083
07582426838
00855974284726
16220752444,16238463444
16238463444
13973593440,16524775016
17380242315
0085253874433
16210970144
19815499383
15319832586
19908324338,17029470366
19940958805
17762316074
0036165589709
17382370818
60137607277
18243291543
00959757556906
85263702588,85298363145
0067072418787,0023480322001
00447396577385,0026221278931,0023480362016
07582426792
17512408585
18368827986
13029238435
13271163907,16513768787,19173434762
15893932177,00959763532556
00670733091113
13726396381
00959755230330,15197328988
0085268877417,0085268877417
19827939024,19937161689
00855555508235563618
006707311709070
0063962034597028944
17319304951
18667048786,13251020778
18990672599,15635674925
00959424285312
17082857026
17353817443
18246940914
00665839203888122
17701223772
17704632538
8618874653900
19960212034,19960212034
15736759400
00959756159083
97405241983,97402531215
18482094468
18061320671
00959780637468
15879839577
15903234018
0088050156699,0064953728130,00967683568288
18946531035,18878311291
00959794556538
13525426714,13525426714
13033137221
13900662000,13900669000
001626-143-4402
15084349022
11111111111
15501960120
0024962122303
19196123913
16501066897
15263171451
0036174709617,0021158031692
00959770328459
001526510-4611
00855443136260831514
18243207065
44708422438,23480313326
23480375817,23480368569,23480345041,23480315523,44736300250,23480357302,23480357923,23480348780,44799233344
19520684432
17150157360
00959783708530,00959762296537,00959762984219
17782760024,0085257672518,17782760024,17795717431
15322544582
053178551785,97409169348,96513594543,97405688673
19522042262
16698637374
13041050912
8526817323
18125281791
18896155354
85246153604,85268879656,85266384418
15014939493,14754298184,19128114518
17858404232
85269401010
19148492029
0026296017636
24966783892,85295644015,37829784422,85292962759,59778649261,85246036769,59776538271,37658156915,24961705174,959445558035,37823336101,59889554819,85266185656,85246001479,85253871349
97400224390
85239580260
001877113-6578,001877596-7935,0018776377134,008615363540551
15370590070
44783051811,44775420987,87050943374
0097410446487
18802080875,18802080875
0016461460390
075595384,10109110,13912065953
19303893686,17076593133
00855713469915
17132760906
18398275527
0026243313556
17848576709
18153694944
076984583106
0085257651394
15361965803
15757923179
15257699453
17801480735,17801480445
919351065009
17014975809
19121293090
959764224195
959663581805
0085299898863,0085299076691,0085270663347,0085299267623
17364164378
00639439667043708075
00855713584594
16502109161,16505811321
17775896475,15758846581
17790715195
00959767275173
19956903244
67050434076
0084919930310
85259634347
0085251749017
97637715614
67070843272,67034378679
10694172307,85359165866
85265244672
076988923756
0037829290140,0037023911783
601122213171
0085256125044
00959650483039
19821455786
8706046131
13213682888
17712505004
13158376784
02062935562
006013750944348756
13993106071
00852924361989521
18156330076,19950340763
85265630146,85295694407
008562096057721
67097112074
13410411846
18994048190
15669479067
17008524468,17008524468
18156330076
15966805286
959880131150
18762491127
13294987670,17844347784,13887917339
18343136185
00817781345289
85295684237,85295670707,85246531735,85295648454,85295651416,85295644246,85295623369,85295619106,85295644090
0059776238256,0037829429974
23480377029,0023480371011,0044794427216,0023480371011,23480377029,23480385102,0023480371792,0023480397411,87013873371,0023480397411,23480385113,0023480356395,23480385113,0023480356395,15767902885,15767902885,23480385102,0023480371792,0044794427216,87013873371
85260653326
13330266583
855713665875
85295633010
021-6148-7749
15538213370
852101636372,852101636372
00959250603817
15264749032
17850691246
00856717495054019845
19303893683
17116171712
18727002107,15771108556
37822352669,59888731802
0087086767354
15102401096
02160501074
00959756601782,00959756601782
0085266152639
13566637765,13566637765
00959422832276
85265517744
18983238984
00856677388864012695,106825469812601062
0085295612384
13315016040
0085291877598
87086648652
16510811602
18320186714
01051278557
17717920804
15266522973
18108999193
18814069601
18058422458
14754514476
17016361587
0067014312639
0067061543415
85289558142
17357576487
16688013700
17782868721
96585202190,37655902901
0085266559875
959258704853
16742737514
959753802921
17016360984
00670733326828
17811731224
18370524334
00856596024634023101
17026679936
17074245357,87022503865
0037824337288
85292948287
13897879717
0085265612657
15259223042
075561649119
18435939313,15594699513,13835961657,17782735273
0079265058960
00852592270086
87043221374
16218239018
0085266953391
17719079768
057196683
15900221070
0015794599229
19171601894,37852248389,1065853661797538966,3708083229,1065853661285163725
15841040023
18852378623,15106563057
00959450068294
67095200945
0067044085259
00852422006218
15196919082
19861730830,13459331204
87036051068
18254767079
15643423654
17771856145
16254516257
0082127714149
0085295602441
15370573725
959757808625
17732301808
15920041043
16250810563,15846010319
18966156891,18944292129,13282800258
075561196660
0085269371105
0087037219096,0087044289875
0085292995975
0059776894246
13756064034
008533475897,0066148283071,00959766990983,0085262122885,0085228255022
17832768482,17159881048
18058737701
17159881069
18823753774,18921332232
02062200691
18370524334
00959757477483
16539108302
67036482965,67091429326
13360178986
18681516119,18709807412
85216111837
16257125383
18139955242,17034827232
17034827230,17034827231
18014436503,13775582472
0037875491960
916367-177175
13688316842
16257127717
18983488253
0087022589485,0087006305809
17074831304
15371646949,17739278037
15039080247
02161487706
16250810546
17074241482
0085288678244
87060908556
18919343174
85264487087
18384301646
959774727408
13686657014
16257127729
16522090084
0088038977739,15658840337,18668133549
17028252315
13066167488,00861-3066167488
13359921317
19533121026
18529241838
00628951234567856055
17709800843
00959799086981
00639171129249437796
37023928434
85265159855
9781712310
0084949186341
60123027779
00959665872059
18934066700,17063988381
18363700193
006013661767982772
13360738731,959779710979
85297060255
0085268866745
16522090094
010-52300977
19182139112
13659237482,13659247484
18806943930
13316577016
02161487709
021-80379681
17702554919
16791650628
15592935208
18348689728
00959422833943
959684095721,959676948754,959664489770,959670090829,959670559902
13500000001
15818082570
17763214739,057156192976
19181321434
85230170665
02161487763
01053808716
15973334610
18956250532
0085267067311
15373150284
19850638409
17736331723
15778039769,15104196358,15559891394,16504171420,15778083439,18275340609
15802481883
19181321434,0571-95218480
17732191963
0085257644792
0037023012446
13122509353
0085265637779
19932924808
01053165170
19947275757
15958353972
15562172331
17644251008
0085355841988
17131088236,17131088236
0085247425131
15069791461
19145713502
0085221229382
008801713767013
0085265572339
008526613758
17829735861
13348015910
123456
19127116505
19833315578
15136765149
13776304160
16530200889,15101092954
17774799892
01051472470
16269867162
02160501008
02160501066
00959732028462,00959792028722
13805124031
19373408879,17397221894
17400162653,17400162602
17777927857
00959755287474
19522534437
19188496923
00959793289845
85259903011,85226687767,97623559061,85271309108
0037820007809
075566855864
17732847483
0085292078068
006287749959114
15170124402
19549199856,13585498747
19837078795,19838967231,19588552981
16673927309
15618194654,15618194654,18625039253,18625039253
18620557371
16799030656,18295571655
00959779734207
17101299820,17101299815
0085246528960
19977506022,19842092834
85266349348
17162601401
02759187044,02759187044
17157071783
0085239827522
00959754424379
13834961369
59779747262
0755-61603742
18332653870
021-61487762
008614592127035
17144342061
13139008522,13139008522
959758907137
13923027442
00856715453583016062
0085257637405,0085253890208,0085257636046
0085264679244
18205693871
17157071793
00670732848521
19531540136
00959787402100
19114925897
0069252325141,0069252325141
01052320612
959422846852
85286280527
16500388700
0085265617071
86364581010
16716582401,16605507880
13531808464,17400162826
0085265632806
00959754221373
85219605751,852861442250,85297829367
18470772197,13270343653
17898386887
16232372117
18642537663
15227032971
85253839114
915957
16762856018
15207849047
13408446560
02110100256
15897944104
057156375185
17665434613
15219811579
0959767553713,15732871111
17400162749
00856699985073023744
15337310284,18153255264
08353667308
16261883952
0085281476504
959774555305
13392889295,16232457174
16525743288
008593818846
13134520129
02066804031
006011327552200
19974391860
17729386413
00959423597456
17732171296
16238851811,16238851844,16238851844,16238851811
02126023422
0085248110479
19198382383
0085294736582
0037657385421,15069218963
18930405477
18220241375
17012111455,17022708911,17012117044
16504172549
6287747321766
15369832845
02131532248
19585220150
15172091087
16577267032
0959-422846913
13392889295
17805471019
16237949944,13115455699
16719338080
19186892203
19837462663,18436219021
959756589272
00959784841979
0085233621046
16239460668
19871608885,13505253647
13421455755
0023480350888
00598-82386183,023-61845680,00852-62315083
00959769028464
13751047062
15558576295
959883440928
18885816638
17301259542
021-31779480
00639627084214
0085295664516
16762853538
01051272705
0023480342380
0085286106884
0085211999978,0085214918117,0037026253342
16719337123
15758756037,173137003
16719336600
00959681142927
13003332209
02759279911
00856663670693008096
13390937305,18980934721
85265268991
15936749311
18055284636
13353791985
006287746132340
19531592806
17086888266
13802374367
15771180665
0023480385616
19943288246
17368012619
006597523193
16570049925
18706852736
15900347403
17660552952
00670731223623
13977584747
16719330505,16719337770,16719336123,16719337775,16719336667,16719334321,16719336464
16553690835
18280788792
051180962349
16719334321,16719336363
18543000615,19532232260
0023480397140
16260410841
13578782357,18744064510
15019414485
18868257881
18594327164
00959671830961
18758576197
16719337711
853683042862952
01051272609
16239460755
13346152186
9755342241
01095424380,01095424310
19529783872,13412457016,13412457061,13418225498
15313266530,15313099385,13520733885
16272017444
639627306478
16719334545
13212345555
00959767509695
18746334469
15067472104,15721339882
13421804346
0085295644039
0085216451769,0085245115166,0085238022130,0085279587540,0085297533061,0085215941932
18925555871,17340654221,15846567617
15208143318
17058637066
13412458048
15943359205
17400162609
0085295644643
959672805849
18053814716,16719338345,15619339898,16419335432
17742115083
16719337012
85295696425
00601921234567854638
13688457165,19862838315,18452429310
0018001999282
15740133694
14729039151
18835635809
0060133288497
00856715569093016755
16719336161
17513530535
15669922174
17177690838
16719339995
16719330330
18102895002
0085246152950
19528673996
00666274607789140643
18996122139
19914770726
18975494851
17067858789
15533962771,13346190056
17724679438
17670614757
0085295694923
18146245890
16719335789
18673981810
10693578280199,10691825280199
18146242860,16530202508
13638037641
01056457178,01056457178
0085294761184
00959883933040
075561119440
15557194615
16719339977
02066367969
17000046749
13346348891
17364606680
02759279906
17749647667
17045988425
18725185013
16227700972
16719339922
01051278532
02110100256
16523152085,17052309274
18739299852
13687144021
006011647440249
17328287092
0085265685481
13607655045
17190074388
16719334040
15069830406,18768969174,18383317670,15253841417
07935206578,07935206578
039395267977
17370756045
16608648002,18120290056
057126885304
19882448206
13706711594,13356534339,17357188704,19893338320
18971540313
19940971483
16741060730
16719337979
18970662514
18889190359
15982654262
00639623509748
079195491445
13834490421
13456814899
0085266864896
17734689381,17734681695,17734693521,17734681690,17734695232,17734686307,17734687683,19992460233,17734690265,17734696307,17734696583,19992468773,17734693807,19992460265,17734690233,17734686281
15935647295
13077045852
10691825280199
00959258212201
15801097220,13126765446
13596456325
02110100256
16719330707
15136763267
18738307368
18539558595
18581971080
13068919682
18089739410,18089739410
15382324816,15870931767
16266140777,85280945341
13890154808
075561825250
19513138257
17741815121
17058540278
15915302479,17875105627
008526817518
18737250659,18737230659
1315-281-9168
02066820135
17058637511
006013659188038758
13341452906
02545441211
17885607842
17002056246
16719333030
19557050696
15342371713
15672149651
10691427000611240,15638935513
15267018596
19924677566
0016260736901
16730197316
073183978685,073182544030,073183927528
006010906945689
6285732206365
00665857017554001
13138898954,17665910045
15334144591
16224422616
0085253802219
00959262632030
00628221611854008062,00628221611854008062
15014717192
17741204769
13213063136,17319854501
13272039451
16230600015
6281138800876230
95363
13239597580,18302017336
001347-177-7278,0037028374178
15727289857
00856649368920026163
19927408397,19927404823
18507179918
00959788148475
02161487570
17050950074
15775538710
02180180905
15336267209
15929842326
0068128394249
00959688015915
18146712240
17332893072
85201122797
17771181256
17755576609
18860111801
00628573650279682271
16257494984
15775416630,17899135568,18391338325,18220344710
17895705776
02759955115
19120842217
15521191457
15052738131
13454498872
15139361307,13568128504
17034669940
13686889777
00601086662015
18816095571,13886477366
16511613335
17034730040
19120842218
16551394012
16216468193
02180181076
0068129345093
37827808570
13697321565
63962834321797328
01051703297
17331224008
0085261838813
13793713965
6597845121
075595384
0026863021089
16775277372
13456955337
18258884944
19924677566
006287746784127
17358828675,13469180399
15381110361
0085269623177,0085269623177
18121448087
85294760855
18892185169
17058708503
0023480362699,0023480317085,0023480387676
18731100987
16772781162
13691411532
17733163147
15721718816,18911072849
0085266821358
006011130920777
08353587829
959253721790
0085265621402,0085265621402
95200663
00959772064781
17899135568
005976852584
00959779502684
85253850738
16666666678,10655020047370000259
18984583546,18111956170,18984583546,18111956170
16601113887
17058700300
18717859258
02066671848,02066671848
18842695670
0063961985034349883
057595200663
17656691068
15873232584
0085253074216
18195228127
02066387023
17173270111
16687698164
02066817994
15382231373
17400162493
15150957553
85248209483
85276815182,85262089163,85279923741
1069457110142
0050128302657
17118831402
008526677131
18892443514
00959757816677
17267850871
00852-56367612
18042650760
17303409909,17303409909
15142181408
00959756140374
05946764194
13588883779
16216193322
00959755163806
13708812498
01053041844
13520708640
15657375187
19528975492
106913466005
1234546789
37651977417
18325476251
13508111560,00886905854019
00669050152342996
008562055217381
10682148162682140920
006113011703880251
13609839509
0085267209710
17704101474
17710033838
17608865891
03195135253,03195135253
13876835729,13876835729
13853433390
18357736424
00959776459100
0037826121088
18837808570,18837808570,17308628244
00886950357531
02061907846
17789744759
0085266321495
15112113765,13581875814,13096178737
13879516378
15657951898
19995276546
00639661959343020025
0085254667650
0044751740521
6287743909841
17065740292
19985287771
18023428625
15363141164
16259030593,16259030590,16259030589,16259030590,16259030589,16259030593
17875293065
15940513583
16264470411
0085257677956
18824388527
0054677971883
10692934617124
051282255019
18485370497
18244763739,19893267850
02180180531
0051202295451
0085227366134,0085266188076,0085268965700
16523598602
15990149517
0019175031953,19175938389,0085280809825,0044794051554,0019172993707,0085260599935,0019175792231,0016469846146
18791353601
0085265537485
00959772402712
15656961019
00959776135185
17002056520
02180378603
02062999447
18115650248
0084854562375
02066673847
17722520982,18172593974
13519598553
00959792695708,00959766573928,00959768825996
00628138156656555084
0067997373540
15366824767
17837745656
00670733363212
17312169137
17022590444
00959751936392
0085341508039,0085344189592,0085355841347
16733635812
15130069739,17898204681
13088899901
02961180861
19948975810
16729241411
0371-63222091
1069142700851240
85253808132,85295613896,85262532051,85267681894
13711306275
18823673695
959757879548,959757857459,959787885812
19117096208,18102454149
17050808594
00886820055348
17885607741
0023480305783
0791095465434
13147072013,075536955691,18688771485
13367214721
000023480375778,000023480333471
16710456662
00959762047720
10691427000591240
17673305626,6287742550496
13076550825
18873805791
0085315796998,0085388812113,0085303322889
13019200701
053178804148
0085293785489
006013422118806733
16504137803
0085281808617
15988494233
13022625710
85268819167
02180181783
17373670616
14715952532
19184523184
18390386654
15354508746
17763906029
0016462847126
15829657081
19559054986
10682148162682140920
18774662861
0085268842867
16239592444
15198008105
0085263619368,0085225139385
19989029807
0731-88727546
02180181007
00959774615680,00959779741642,00959770568692,0085283284192
13762255845
0085232461426
00959445597160
959766006523,9599773775337
0052798895421,85277119396
00852929899246
18313642387
18088878934,17607680976
15526369476,15526369476
13601652649
18995552630
17155716722
00959772507396
00959766381691
17710168800
16217084207
00670732002613
18525598557
13285923940
00856180455821023160
16521713372
076938822041,08353667052,08353667058
15064812920
15641572452,15828506739
15890164058
00959788781295
01052594019
15817729465
18826582699
13233628280
0097703445777
18013460511,18013460511
16521023570
15641315682
0014803935470
0085359974997
18953622684,18953622684
0064128947834
17203302732
15257608914
14715662750
17716603653
17587389566
15532358562
13510409452
17400162383
0091557969192
15079344576
13253157004
16222181608,16505989022
16624767983
15300923961
0085243093248
18028440223,18028440223
02160434482
16796742077
0059270872335
13789397540
44750446552,23480323981,23480359214
85293787525,85293705082
0015152296916
13777402331
0085295532869
18773723206
19117979184
0022222221155
0218018051
00959782084353
15226806533
0371-58657417
18038747601
18017854313
13548324551
0023480382728,0023480379338,0026219638048,0026219638048
17344991242
0063958082571
23480351638,23480382575,23480369978,23480310564,26232547291,23480352480,44746636722
00915035-21902
17707112366
85257674201
0085228055346
10682148162682140920
07525896148,07525896148
17085201513
18344013576
15812560882
23480380926,44770888924,1001689
18501201639
00959402055358
85265541842
00855704143979951366
0063972978018
0036124104410
18207529051
15188697128
18705144955
13189083130
19138964842
00959770361933
18384502183
18711129099
15814550745
13418344814
18982114016,19148134146
959769850411,959751616656
13976497091
17305365902,18162080483
02180378602
18045655172
00959772480580
19117087645,19867639974
15542715926
13468688971,15364551188,15175126093
17707152588
02481346764
0085265604563
13500285932
15675750135
18734784788
17267620051
0085296463670
17706100650
85266348913
15180176423
0015019258093
012134076436
00856473469371024297
13624464274
18001551926
15645812187
63966298783,63946434012,63927964644,44706656531,6037245721
13643474777
13216810031,15522349213
00959770409829
17620087054
0085366593118
075583765566
15734478197
00959771236823,0044773655140,0023480368649,0023480342434,0044778879517,0023480336277,0023480372259,0026274614183,0026272203884,00959771244394,0023480308723,0023480378244
075561669274
00959779117546
15888410430,15708463667
15523278107
18206809324
17717194995
19117979184
6025038894
85266395056
0024126691885
15339152337
63950482684
02180180529
13914490383,13387761264
18683520029
13654409613
18973428230
16222189008
18062878595
18714450415
00959782191391
13013195114
02180180456
00959794802172,010-52594019
15599465391
18250599104,18679362468
16518861000
0060113011702427434
0060113011704012012
13617587092
0024154857776
15832988910
001855564-5958
0085267227405
17110073911
15309156883,17179159999
18296830562
13757324723,13862939432
19903422473,19903422473
15730080407
15157491731
97423260274
00959788717650
0018558723098,0018550973412
18779676418
16525698681
008534510476498
13209505015,0085252110819
17395743509
18469970485
18145102183
057195726723
19391154601
37225174580
13336071773,18078151329,17326174039,18419091140,18072967805
15240787094,02066381831
18114060212
0037020221379
13470698237,17734389910
15992819141
15167147296
67066266591,67075990177,67032077406
13640118474
15815408523
18309578472
18153154504
18902629755
0095779151685
18381054865
15347033523,15100619967
17732549256
15010018487,17376670075
13435099594
29966116161
15189315137
19178853342,18006257203
37821387729
17745147525,13314517316
075595384,15874204940
95299339
15385952559
19531227362
0571-56302290,13588126231
008619909287803,4000016666
833-3743
15885607614
18188197537,17400162194
15052868153,19116090592,18101420082,18101420082,15052868153,19116090592
0085268861415
16264013907,16264013938,19525524516,16264013990,15340676209,16264013978
19147560235
18601798931
008561949665900
18185345429
19503257187
13512460805
18706727229
02180337811
0059770806212
234803242978
021-60500396
18227029031,13773534137
0023480312864
16211157775
18211441744,02066381831,02066381832
16534481666,16534482999
13753238485
19525530674
18178594769
18557248504
18219084905
00852592820410
18172571417
13414105792
0097420074547,0051100688694,0097324174339508,0038209866369,0065893510690
00959785634644,00959782305139
18003113972
0024967797369
18300949254
17858644543,15267057741
19111400884
3512197167,00959260191406
15928456825
13806777406
17829109006
19970333690
19185444749
18683057793
19526273725
18282275303,19817495305
18730760730
15197300614
0037225616213
18381930327
13008187218,13511676024,16559845601
13539010514
17807965241,15220853144
18727980192,13774123623
13393684721
01095402846
18371783809
18013214805
13665272397
13114155634,15508797741,13108790758,18995626760,15508794106,13085319427,16669031188,13208796813,13108790759,15508794105
44808678994,44808678994
0037822609181
85253843914
19163271770
00852592799849
13202289250
02066844196
0037823421659
24960748136
0085295600715
001855-397-6238
15653435727,15807415702,15232872786
15191715448
88094623954
02168865711,13191416272
17112678333
19528384305
17817264930
15733134852
85253887005
0082568878143
17704220182
13675886114
15218792687,02062306917
073188727281,85390119356
0085301261128
85257449160
15607623371
001201330-8466
959450300975,959450300975
00959762151738
18918984647
15328183711
0085366114461,0024101685903
17607398274,17607398274
19302859957
0085346255048,0085260575158
15637212859
13597480351
15750080177
18321664359
15895639183
19528878328
17310461380
17324125059
0025539043278
19523857404
18965052390
0044808039346
0085268848003
0044808590213
0044808080519
0085265232467
1068062633995
18976764132
06685258179
18972987316
18003028274
17647692436,17320856347
006164364816384
18938338440
19829720366
18972187420
13424155394
00959961170698,00959978453028
17819975508,17791297078
0018007496484
18469672516
18005676713
13191795118
02160293472
0085371142438
18782600104
0018006698628
18789509135
00959789162488
05542117677
18006691606,18008015644
18745285932
13414105792
0025109081290
0023480388437
00959694525481
19308170740
18191609912
1069347204056012
18329726811
15951116942
08353587794
17400161364
15770480689
0085219996473
85227507449
15599213581,15599213581
0015049945827
13415643144
15868197461,15935552954
13401268232,15118966943
0044703030095
15026417581
0018002066369
0097491022322,0097424017183,0062388116732,0026914126936
6011569312021
959751975671,959765099411
13627527926
18206492331,15167271201,18660949025
10659205710072036987,1069409720146303
14730379031
13175039885
13713031434
0085268868237
15173928280,15800729796,02126023358,15173928280
15041342113
17521527576,13350871507
00959782153100
0023234687179,0023272272867
17310307235,13736738944
19816054339
16527562211,16527562211
18389360749
0085260464998
00959880380513
1289857-2111
16572132111
15091687734
17400162564
006011134838561
15043992348
959670566957,959670566957
00855874832223646995
17799822469,17497036235
447788011382,85338600204,85323962472
0044708414118
15703306053,18233503720
85246339754
13653025341,18434548091,16264013950
13661853666
0085243045400
15768653391
13020723263
85230151978
008523171802
18142009419
10691882106922027281
13555412418
0063244462229
1069247311526312
15713085795
18176423464
00959779507763
00856184626584032162
19916273428
0085260412050
13118220557,15002135960,17741191085
17512940358
85267352825
17394973595,15225823809
15828923586,17819317008
13411366363
13669571637
18006112710
17300665009
16277081967
13461543669
15117322719
00959402089676
06685258212
19529823648
18943442750,15124180465
15332993484,18347787121
17261468138
959260211918,18664986130
15532516097
14730374203
02961193174
17769432730
0023480335494,0023480353317,0023480354226,0023480360773,0044797515043
02066381830
0023480325472,0023480369238
18576013946
13481862142
1069247311526312
85208524740,52594016
021-80180456
13049270245
95064058
02066855759
60157585199
19834128471,15134386032
959778761751
19520912209
17306169718
0018004201339
00959445627471
85249984308
0096851361987,0062442744085,0057981828623
19381627545,17261002579
17334758865
00959458186823,01052594079,057126885124,057126884079
0060190808109206
19976677372,15968011654
17776398164
18903461410
0018001999282
13296546532
0060179251403757
006019277590
18182830314
1069192305810912
13653486731
9575860
18931671594
0066802515194
8224019200
17773616535
63915849385
00601050700382
00821586097682
13126374493
85251781950
18010597640
18488963017
0085268126587
19854542580
9335188984
13079188115,17738597748,18582869003,13882798643
0095668625272
19152945940
87050729982,15900382844,0068052584715
13286168369
15756869592
18163400913,02023393035
106811681407213519,15109475210
18220750897
19967159610
18265647635
0085289294238
15167351174
85260775701
02150896958
19308170740
13794901074
17025902346
0099524761679
13025540328
0085268131761,0085268131761
0035634536478
18712944750,15733164659
00959771626546
18054178586
13168872193
0060153770309
13731228200
00856172444436013850
0085366212043
15969359463,15126478939
16517825333
13268708837
59917842298
17367251036
0085374659986
13830939187
13709508530
61142626976,44129781077,61877933343,61293517788
15277299976,19140807950
0085390738822
106925998758026807
85267741778
18113359084
0036197124835
18857705129
447588462581,447739356078,447664431717,447577297969,447892870428,447623515335
00447667842694
19116363273
00856184693221022160
1068247602050012
19960393584,15182981369
0060190680871769
0085228326924
16655090949
17151812372
1068062633995
13552402379
00361221709
18018449032
18514280877
18955846658
17820722531
18072706505
18651395809
0085296110445,0085274846460,0085227533735
15993918771
0061766373577
85368717539
13253127317
19528922932,16752435677
0085268105033,0085268105033
13129809392
13433377495,13433377495
15542152907,15542152912,15542167108,15326162074
17384606521
19847561926,19847561925
13318564795
18774560351,13574576332
17725934243
17260763629,14775162456,17260763629,14775162456
00947588919443
17739750583
15877402322
16006917917
13857130153
18208621464
18329305951
18739205606
16216468305
15205826986
17882703580
13335400693
852962579
15673368384
15297922147
17788270879
85292949179
18770040551
19871457486
2066328610
16720773538
17760479663
18625607725
18257079096
13033318779
18169323336
14539802265
14507691684
14539802265
17267850871
18906454237
18699787723
15718692375
852925844
16533035892
15687992753
18708458812
17339390608
18072449414
17527389173
18248434521
1053041844
16553690292
17681563202
18091085593
15641315682
18974445677
17561673617
18582337549
13296641798
18627980716
15926585904
18572765955
15897723942
852672097
17090658154
19940531917
16723071173
17115796287
18884286770
17789744759
19995276546
5128225919
15840582902
15257990478
73189585372
959770021
17150844537
17150844550
234803367
16523598602
18485407245
852254951
13332298095
18852050159
18211510243
16729241411
15091837761
17688570711
18086949193
17898204681
15130069739
17898204681
13467718797
17261116423
18041063861
15812009194
18745839442
17826899176
17715576706
18972231126
13307685761
13525676044
16602162333
16628967822
15024528688
23480305783
18791339704
16504336775
18843839952
15575910802
2061884780
17303213218
15931140041
15630841219
18114193996
18521819351
13525469467
17775985549
13868687228
17373670616
18621515725
85292987685
13164663882
13275721382
17330889943
14715412005
15556171020
17684781899
13712345690
13329977359
852324614
18701908041
852525713
13233628280
18795163223
15064812920
15762042067
15922257041
16685260508
18975020262
15729523065
18259660000
19559054986
19516256371
13066662616
18827252416
18847644316
18212455199
18550016431
18313642387
15080912938
18627731273
17819605791
13732207655
959766381
85265600650
17326882426
18336798352
13818867587
15920409076
15174435786
18698566325
18758871529
13676729965
18685037171
18443293533
18041328404
15687581228
15259080988
10691549206
19935910821
15645698410
15577194239
19184823184
18344013576
13870318902
13510409452
16796742202
13438812412
18811025275
18057851153
15068117105
16225301333
13844013576
7525896148
15175126093
18942950031
13955999997
14708709483
18987850371
18176501096
18935290747
18705144955
186061137
959782048
63972978018
959672228
13096861612
13602497872
13611004844
15542715926
16262910856
13976497091
18818998074
15967389584
14750682478
17344991242
15988457149
13950568088
15188697128
641814761
17587389566
17797800630
13046688775
13120747194
18605645956
852219774
17085201513
13216810031
18372092311
19819633075
18037711994
19860920491
16251645683
15221758965
18322742063
13454168815
18933936287
13253157004
13317384788
13691420712
15226359646
15392579755
15361590284
18937682040
37827086655
18469970485
13141554247
19121500439
17395743509
16525698681
13683673566
88136466768
15961152370
241085087
18553963300
13965794146
15527598210
2066844269
14711207274
18368890837
13390538266
18789720072
15559783571
15184750183
95978489178
85257669926
13219558214
19970333690
2066844199
15562839618
15067739457
13265077328
18970668349
14787647474
15010018487
18558166152
372256162
19510290054
15168404057
19180965584
85218610277
19923159130
13316202624
13392474530
15117158263
18072967805
19198759903
15338546692
17704042288
15184944836
15385952559
18185345429
13736481822
1011698298
18514376421
18514376421
15124854935
13425552976
15378367997
13318435088
19528878328
13029980992
18013214805
18178594769
13666575599
18577213991
15255722555
15372994538
18514376421
13857100447
16559845601
13008187218
13511676024
853452680
18556931740
14737599160
15659832529
15052868153
18101420082
19116090592
13653804658
15372994538
13329897411
16211157775
85295615115
18858911335
852570715
15729007523
17188632853
13375505431
16526140480
13067533443
19837085800
15599213581
2160293472
13912343780
17816296945
15311685496
13175039885
15872529481
13736738944
17310307235
17799822469
19983121086
18239417493
16674608942
13653025341
13819096865
85239948427
19916273428
13617372083
16572132111
17394973595
15225823809
17719618294
13411366363
17819317008
15828923586
13506717338
13002904358
18649973426
19525533027
856205248
18618400345
17334758865
16550373075
18751818329
13282557630
19185077176
18576013946
63915849385
1052594016
85208524740
85251781950
18182830314
356345364
13972541989
18258855441
17025902346
85256814931
16257672645
15581349030
13286168369
15110058344
17303353207
15616599617
15957181972
19916379433
85298655206
17798426237
15559891394
19839957571
16504171420
15778039769
15104196358
15778083439
18275340609
17400162653
16623425201
16563480077
18760396588
13277837777
13568555243
17608762659
959787402
85267324586
18628390638
852940782
234803781
18144715262
18334656276
18975348642
15697696604
18510287894
13567150332
13715071028
19380777524
15170124402
15853414202
15268841337
19855104870
85266134332
18022382937
17746609367
15562548073
17685489179
15546634366
13163584061
16261421328
3776037827
15738153220
18671123873
2759730041
16525743288
18213487344
17712928041
13290020685
19119265895
16500388700
959755156
17575840325
13178916893
17729386413
18220241375
13659279279
16504170448
85295687612
16238851844
16238851811
17022708911
17012117044
17012111455
18511147776
15687948038
17144342061
852544907
16719332266
16719332266
17368012619
15173727252
17853968692
18030655430
13422194910
17673413833
15907988302
17365281208
15172091087
19531592906
18930487181
15821890295
15758756037
15608789748
15687821484
85296320468
16239460755
18706852736
17400162816
17400162832
18453952526
16719337775
16260410841
2759279914
15152854146
852938188
2481731093
13365301381
16719336363
15267333621
13506226181
15997916382
15066797756
13525890370
13346152186
19145984860
95975658927
852149339
17098076328
18587325134
13970162040
18679712029
15136763267
16719334545
15654317530
13823730921
17744982698
852956464
17147113444
17875293065
18594327164
17353492032
15160070125
18308963989
18143331733
15182396384
2066345253
18174287160
99757214589
2759279912
19975375227
18320552454
15246003736
17690573137
18025898091
17328660980
18589398568
15096581664
18742317429
18045866794
13210459008
15344579373
17177690838
13402506332
15058138667
15108977932
15622002673
17670614757
17113247444
15809613070
17067858789
18876032954
16508992188
19606938372
16719330330
2486800870
17724679438
17798436007
17768160823
17340610695
17019150375
15105887765
15885086058
15046623660
18025613347
17633814675
18146245890
18964412248
19867808438
16268957338
15801734614
13993010691
18842343945
18102895002
15209189561
17358882010
18221588317
15557958310
11647440249
13687144021
13819198355
15187023691
17696011122
17370756045
13617976179
18231308759
15957848292
18975494851
13380634720
15160270320
16238155002
15982654262
17880962083
17587267327
15114459209
15921679213
17280991477
18239345041
16256739998
15268562154
18913469721
16266140777
85280945341
19503931620
15680827278
19187237850
62170002500
17734681368
17378445709
15556205242
15735551703
15957738862
15093805810
16719331199
2066834991
2066834991
2066834991
13607655045
17789836617
18184172103
15658084601
18261827579
19606925336
15935647295
2161487723
16710412666
17193877877
15057068706
15883420843
18892361074
15143468195
15298283261
3939526797
15680765258
7318254403
15870931767
2180180855
16568280047
15196023623
13023307385
15347825403
2062930854
17058637511
18702333127
17058637533
13170883740
18169346362
23480390767
19527478641
15296927672
15669567393
18083430175
15521191457
18867535929
18777015129
18777213508
18314816173
16762048333
15267943952
16518141162
2066820135
16218239178
13151822638
5712820421
13112289731
17895705776
13454498872
17810399517
17826203956
18892448015
13868054094
16710542999
17795710874
18896144055
14775570725
14776359072
13040850492
15146374436
17570818386
18258415296
13535553196
15361034757
14776323244
19936267395
13385860024
15705897441
18388913961
18867136716
16256736611
13365533320
17776170100
85266164865
87013671767
17726287901
2062869368
15184347861
13083931888
18968078238
19171386096
13083931888
13117241690
13094257787
18485522794
59793351439
18680881798
18883231298
18272501175
17366147975
19176204009
15957737382
19167612684
17122109201
18734860976
19976150621
17122106539
85268896567
13666602124
15727884559
18370877424
17775242863
85294330275
870467977
15047439624
17052133066
18378804092
18301991295
17002381955
13731957195
17098716373
13760287335
852827177
13940643733
18239351031
17780767237
17002739910
15372169052
15058953997
15038418600
85265621378
85271895798
2062201629
18032783393
18707441246
26250399319
84828418473
15845622735
13721238333
17361080277
17325659195
18239346966
16533989165
15258938601
59770209251
59771263963
13067941460
14769151584
15395222683
18393894641
15832537328
15359983265
15066987591
18016337783
13035991580
18316658384
16256878434
15158118067
15825503033
13608875548
18065179167
13661149156
17280707097
15730505726
24423476329
17771379873
13247933208
17052133966
18896398301
17102943191
13345087134
1087625766
85370285125
13129518704
15059440656
26230292169
60191542891
18227332626
16218239396
13149536377
17868392082
16662235372
18110786139
18423536983
13136573366
18469638035
15558226509
95925714615
15606115652
17357843876
15213263065
17871617752
959661634
15369522396
13575757775
17363611988
18033506318
18033506318
1052300969
13974650218
18935719250
15070915121
15257117740
17131497379
15272727387
18438078496
15151140976
15687834960
16211415393
18279780482
13835564418
17835879814
17816090237
15255927404
15190092111
17313471126
18594227982
15696226801
18584439146
15239209203
15286494339
13322110883
15369705741
18198183534
15854005733
13631005764
17746617482
15955961130
15988610564
13416839335
15752385451
15003474737
18293660192
852939948
17837929025
15383130857
18600566594
18868553247
13535952158
15023540540
852534532
17739215608
15124330397
18895863509
13116692935
17050532726
18209386703
15104813906
85265648208
85265637947
19569980308
13666660358
18706792071
17370035903
17329542476
18083437294
18141378805
19139385960
18329171997
13757013241
18841418483
488278203
4118425275
18625038078
18556747223
85253859396
18774752500
18407519627
13110045546
13143369999
19884317093
13647881123
17775771471
13704254610
15289266859
4318991624
17337132074
18463398658
23480323834
18322833831
19979761303
18582368295
16251802111
17138660735
85257663375
85266348926
17138660685
85265242520
18390123579
17878204376
15888724184
15812225530
18196708561
13030801645
18818555504
15570797375
15606495110
85257677445
13666085859
13187839310
13396700108
16213703444
13829309802
17091074968
16793745333
13194224306
15636866332
13634176597
13314209761
19985207701
17332837530
17381725557
18502323276
959424524
85298363145
13727388888
13758988860
16232377255
13471977407
60137607277
16217329222
17378200879
16231224111
18319783143
15197328988
13202584306
13342601022
15683037135
15683037135
18864633537
15616863716
16513768787
75561957868
17795727939
18789709347
17795721981
13082107596
19164726977
18246940914
15209171617
17132761320
19960212034
19917656145
19121293090
15085243581
19846762886
15867885859
15070032253
13666557299
15996661380
15601776154
23480357923
13842920598
17132760708
13602538858
17150157360
16251368883
13266003433
18627394184
18545215669
15662340026
16762812870
13674944195
95966930175
18079815662
13187917855
85292988674
19172260887
15998947145
13961675271
18348365250
18887621971
19121293090
15757923179
13277293549
15322544582
2066806851
17752469856
19130123695
2161487606
18874653900
13566915680
18752245145
17712248886
13486169162
249621223
1086310101
852992676
19821455786
15029544034
13797553264
1051277853
15669479067
15137195355
18638391194
13967191504
152105245
18762491127
18802080875
18879068572
13282867053
13515049331
13666557299
17056420333
18333917937
2029814277
13870698024
13052986251
17012742376
13160301681
15586510961
15223251921
15869223798
18757134296
17008524468
7556195920
15767902885
18168916267
18661020325
13566637765
13547652640
852956736
18983238984
13231738928
15700925669
18313433127
85295684237
85295648454
85295670707
85295644090
85295619106
85295651416
85295623369
85246531735
85295644246
15859071770
15623157530
15658078582
85266152639
15658078582
17717920804
13075815318
19895277689
15966805286
19117725666
15723410654
2180180887
37659836447
17707111629
17116171712
18254767079
18257330712
1051274856
13328109996
18058422458
15201605761
85265630146
85295694407
18912150225
852422006
19520684432
15838027978
13187930620
13528162917
18841419382
17782868721
13525426714
13282800258
18944292129
18966156891
17052364371
16506034863
13033399630
18953788210
85255661014
18120787994
13116551730
13887917339
13294987670
17844347784
17159881048
17832768482
87022503865
17074245357
37824337288
17530988681
597768942
17732301808
18370524334
17159881069
17118703999
852592270
17191788791
15141925742
18595462640
18638006149
87043221374
85289529727
17603025052
15771180665
16510811602
17745098956
15172692950
17828817859
959450068
18681516119
13646261217
17080633213
13735834646
13066167488
13232906660
18650429883
18875252887
13207445809
16250614542
14760733427
13783448217
13057299309
852673880
15658840337
18668133549
17050868617
15193574487
17050868617
15980491380
2180182178
16522090094
19182139112
852265524
17702545491
85246755158
17736331723
852688667
13759454418
13316577016
13505076238
13565641420
16742172777
95979202872
15915775737
17797981180
16562769773
13271216201
13850603356
17683922701
18377605019
18739560672
13654303575
17644251008
19181321434
15938249384
4006783626
16269867162
19529986115
19833315578
2180181580
15967119752
15826633100
15285540034
628774995
19821308522
15169301531
16533249860
15827662191
13288886166
18367363575
18157367743
13017079462
17343556137
15167232441
15211889696
13135169380
18056819090
17772538777
17740512568
13135519367
24465916611
14750101685
15129821566
14701760507
85266184083
85266124159
16626705154
15942767512
18657960229
13588665050
13185191553
18627841532
13361918835
18278017715
18610241818
87004185886
67098416142
15014267227
15322586834
7556164631
13251414906
18878783571
15989891201
19145412916
13291900250
17360249796
15104629758
87006657542
13030115387
15158702355
18822387013
18083575925
15371086222
19169288610
15888899223
26236531984
26214840667
18368855831
16639381130
17779067744
89831653318
86668559774
86639151041
13962020865
13428804305
596640722
13263691434
15257693453
15052480705
18134231902
18957372520
85292997672
13872805394
13950423165
16505712713
15352991677
18110899030
26247890708
13253375313
18603711673
18503719863
18538197985
18737273873
19972975576
15594855809
870999944
15591810874
13188045762
15233879021
13481361019
18663964213
17788296812
17817099387
18716048871
70305098857
15314987121
18291978112
18720633748
13022871625
18708955614
17616059021
13195867894
447404479
15167381491
19147308816
18710602902
18700429820
15657935227
959784053
67017686055
17733472997
18640220519
16551377766
16253965527
15027287326
13094257787
85267291592
18166019636
19855994657
19960731381
15555367004
13502137302
15660280450
17768621065
85246534658
13554821413
19848340036
17715879498
16687744135
15927591535
15778113574
15285900680
18571732061
5136836213
16238125386
19851606872
18200355640
85297180299
16619845601
15013842474
13100410661
13135880980
13116914752
15879937253
23480318547
17331937768
19899868590
85214875510
85220505283
13694304916
87003267873
13578662284
13092446828
17199669052
18016720082
13796365819
8481927726
15800456569
85299790406
37810471752
13776976934
852914598
13434957124
15916442776
232859070
14706899653
18395908031
13954512290
15129247613
852929946
13305288271
18398463269
4318967791
15985783371
13665099729
18324753222
13470808003
13909072514
17616059021
15123051150
17055170025
17801722052
15757882396
18348946399
15941122092
17615129576
15679978596
19825808460
635549870
18123501693
18605612598
15906840112
15949195525
18384346295
13921647603
15949195525
18334341319
85253898948
17341055637
19886358549
13039808759
13177275372
18368698460
852465240
15951845782
16226996864
15748972000
13002789553
13160345213
18825121777
17874442990
85246522931
13433514864
852576737
19530135727
13061159214
15023145153
18581485217
18979368402
16268180410
13957909800
14715900580
14832795054
13246859948
17056421660
13615172107
15190837003
16506788217
18767079016
15757381891
15622588881
18188170133
16219218931
18077626785
15924460749
13456727229
15005780666
17743025884
87059299100
234803796
17634042017
16218238296
15888391883
15828178104
18937152657
13323715378
15068905059
18578402665
15132298925
13238111869
85212458619
85287589536
18951004966
18333952839
2961187550
17119361779
13714261077
18874523965
15900888814
16218238295
19165971739
15096142065
13176982090
13551348609
870874813
15511683150
15260325752
17741994587
85293015824
26243306016
16261639345
18310528716
15928793277
18998580285
13725705248
18509560693
13223195068
85265573381
18727307074
2110108256
15825650793
18398068785
2110108256
17137676130
44785452901
23480351275
15708143961
16753004361
376516416
15155910030
18903578941
959766071
15056564893
87033182205
18196631107
16530060173
16264493218
16264493194
16264493219
19925157074
87090973186
13479811244
18076220142
18469882342
670519709
262098313
17342519157
18056420529
95975686895
16210430151
13724249774
15032700737
15911964901
18628794474
597323017
13786940452
13084852450
849259574
18368622386
87043407839
87072779087
15989672483
15038291342
87048326571
614410334
13418351073
17520211872
15246023717
16555029288
15560367444
16710443455
16775387189
85297351081
85252647116
85252074572
85297538805
85297523417
85252552105
85291407699
14748481118
17231111727
15773821672
18512469216
15123942846
19385085003
16742064477
19534287846
19845256108
876023869
13192808265
85213393921
85288584378
19835029717
85244180131
85228952864
19511361191
18720579569
17388987516
18183413404
18575771880
18001153093
19107537821
19976763053
13367465019
13134235616
17391593209
15375642338
15531270187
18975502945
16578313530
19139603677
19337527901
13177528110
15658017471
26229339343
95968530814
8524026320
1087625766
85268864866
17771624176
18192126091
26275678900
26258159063
26269271882
13358235392
18758941068
18071904391
18230736275
19120853637
85256187644
15275017038
26275682909
13319595254
19144700632
13216131323
13646125414
15949577001
15844506793
597813637
18389836473
17685676460
13994975988
16217493200
13714835068
15119659373
18954940854
15779379916
15715094382
15240719092
13989417617
18041326219
18909423896
17035577350
16689712630
18020158089
17316282908
13327830152
13423215935
17708842178
17867890424
15688321521
17883569934
85267947922
85267914967
85282927936
15842040418
13150673076
13930167915
13229436002
13725297470
13291006785
852576231
16518140821
17708842178
13909179744
13607703517
15085240407
17834783847
19514606230
16533185997
5712689176
13607703174
13877046432
15871574935
15693837337
18382194905
18806557814
13802500293
16753002701
15824376806
18688384242
8525372973
13876073841
16501008197
17096237462
18555226256
15857485412
13948162673
17349201893
17349203760
19560611350
15391907669
959784727
15198510917
13216008027
870788661
15263276039
15757299005
13877043643
15053683136
15607742349
13235624907
15060785530
13877047174
19505713686
17776356568
17785417042
17324001687
13284644011
15982112782
15925547715
18302331082
16260900123
601380014
15622989735
13301460818
15755867284
13485016359
13771097617
15265324735
16228252940
16710942710
18285247492
17778240422
15697871722
19876847014
13874031629
15021980257
17873588949
17200962276
15705919284
85256569572
18957029490
17740614428
18341867484
18710983111
84946442973
13938450088
13636588888
16500271731
15858956379
959759173
18768491542
96751489270
18713125292
18162388091
15571363973
87050603919
18668463782
17760013972
18569411230
18754323276
18892326402
13034409981
15964257391
59974522654
37642381597
19526412680
15159874344
18249601791
87035874133
15306314492
17681736358
15639316312
85293770558
15157170470
13456290122
89623516593
15253503193
17682375449
59757687181
15617118532
13795654227
18485806122
17112177995
18985043412
67014843425
17165877221
15888833325
2062386732
15989835917
17769432730
262239736
2061307562
17621153689
15888822886
17796207339
13719927735
13216616346
13045937257
15504574459
18958590217
13953181382
15282428523
13135670835
15927208645
15705574286
17742618487
85265649879
17882901046
16687366764
18121448087
17710033838
2180180508
13736465839
19850637308
13247154638
15557207566
18357298552
19336426931
888269799
13472058554
17321955159
13011402044
15542419780
17537012261
15770943963
15938778654
13401666306
67014843425
13640498272
15339260938
59736451264
23480349263
18159519655
18519335725
15921041276
19559217561
13580542130
13136682956
17369675779
13651052592
13684086259
18500211235
15921041276
18204616209
13849780787
17058545813
13812738091
18642858462
15383562085
18774858851
17545990019
87070542631
18508296760
18722048010
37632072149
13030355015
17589590406
18704187522
18757104337
18808319944
18383159843
18109007035
17310727073
18359144370
18286915114
87000458543
18209222036
5716495852
17369211497
18358223384
15607989747
18679804917
13043637959
17691193063
18208934393
19898243454
15344843391
16211695689
15010112674
16505325700
85269958584
18477233974
15366949788
13651425741
17688515361
17886280543
15669952695
15579381288
15325632676
18786576816
16539218692
18407845866
13252449639
13341757224
13082917661
19159385505
17076896668
85265685989
13858085944
16257496210
15267009800
85253871746
18239370765
852962222
959754484
13004020390
15532853721
18842620138
852661053
18989411058
19930444857
19968382935
13202374509
23480397210
18675386760
67067504682
85263711474
15659600857
18522544604
18028412576
60154566744
18787086643
13757001450
852991267
13761393798
13315128443
18915100366
959758518
15763032690
16630701271
17382014324
19947683755
13093924711
15657211633
13125194602
15736808495
13247740563
17316296312
18257590147
234803806
6.70792E+11
13315693722
15213322956
670612071
18664588823
17797963125
13514601234
15897259407
13115050215
37650709997
59745376474
59747988593
15068885237
85265680076
86898316505
85266342994
13178756686
18704976168
15810310530
1051472473
13052390710
13567737399
13958831633
23480363556
18235095917
13668245530
13124335132
18531674425
17829688675
18857202752
14750605049
18285098892
14796337203
18379949787
15867762483
15037514738
18317263321
17733245404
15012820734
13521384104
19534278032
18940853572
15108852703
18376752348
85295682130
18853794418
13152099075
18581860553
15187133904
17105500811
18488016493
13049294724
15990528031
852971563
67537175894
7556167818
18447037943
15927175247
13698055955
19383043236
17164937333
13528337451
17374609388
18269691818
13937905030
18279890455
18914431311
19547351108
15036310455
18175272733
85262931152
59745319225
15578108770
4.41422E+17
13616415382
15578108770
13506723735
18209886170
18572321091
15190696451
18982486284
85243430094
18190038044
13735957989
15010076409
18060893107
16690883102
17381021749
17664179958
852699288
85266393387
13234360745
18867540168
15158152082
18767195857
15897921642
18078042305
13706524092
666394881
66639488183
66073072826
17086660004
15726284322
13561557303
13060752185
16505203821
18473605571
16210423129
17836922514
26248877858
82546391291
7602832901
13275694505
18903602097
26236449015
13228230671
16676524402
13973836337
13973836337
19909367420
13658581717
15979966752
15180695138
18081442696
13833988767
23480325561
987607632
16761721199
18078199280
13857037619
17589880732
17101763072
18774672423
361557220
85295352560
13137746954
15045457272
17742152986
19170893659
2066278419
13521694967
15502960374
18464260078
18572321091
13879465514
17521105961
15634489267
19153721406
13147681633
15139770691
85252933245
18262927315
15919611445
18362083653
18927513481
16626337471
18989322018
17768530029
13957032850
13149882554
18708475364
13711494660
13486189293
15697970707
15279907067
15279907326
15157337427
19174939529
17280788715
19523662014
13839176753
15172893329
18083324454
18342140118
18744845271
85260844269
19883935170
15574049880
13667111572
262759528
18988343977
852964525
852994795
15824102035
1053594089
13735990547
18738301039
13386411917
13107837427
13207476426
13990792016
85264920874
19947473488
85217798698
85269868153
85280561028
85275835879
85222725514
-83754839
67097327274
-3106751
-83208562
85227171423
67076235178
-3278194
15052065205
19372107435
19177978846
13036395729
18143394798
13915137477
18069855686
18667015016
15812821857
84918116305
13038929003
18795018027
17382956666
13273662738
13580542130
13590326886
13107432115
13357576159
18006195318
1052521731
19139776837
17280960240
13456863144
852561011
13561356144
18254875599
13877937699
13867340009
13606837792
19817261336
19868707862
13866724414
19133616630
18596278622
17187901978
852688485
15634061111
18155587093
18108743187
15170297077
18485535744
26226867389
18267426001
84836699704
16264957723
636939673
13023222826
44795241481
85577266867
16254242333
13361549097
18610279668
19814660536
18220174278
15191570260
18581522627
18110213835
15827321146
15992755605
1089118888
15170297077
959753502
15998397282
18680513548
347500140
18341790917
23480336168
46737241136
18651064875
13670357185
13860353687
18393372569